%YAML:1.0
---
calibration_time: "Tue 09 Apr 2019 04:02:02 PM EDT"
flags: 0
camera_matrix: !!opencv-matrix
   rows: 3
   cols: 3
   dt: d
   data: [ 3.06272049496904e+03, 0., 1.00674972631e+03, 0.,
       3.05644872162e+03, 1.71771441719e+03, 0., 0., 1. ]
distortion_coefficients: !!opencv-matrix
   rows: 1
   cols: 5
   dt: d
   data: [ 1.3110582e-01, -2.5083437e-01,
       7.5872e-04, -8.127e-04,
       4.4984408e-01 ]
avg_reprojection_error: 1.2025225757564226e+00
